%YAML:1.0
---
image: "localization-map-werk150.pgm"
resolution: 5.0000000000000003e-02
negate: 0
occupied_thresh: 6.5000000000000002e-01
free_thresh: 1.9600000000000001e-01
origin: [-32.825,-20.025,0]
